ELIST=[							
							
							
 							
							
22	33	32	30	1447	958	1028	1234
1447	958	1028	1234	1460	959	1029	1233
1460	959	1029	1233	1473	960	1030	1232
1473	960	1030	1232	1486	961	1031	1231
1486	961	1031	1231	1499	962	1032	1230
1499	962	1032	1230	1512	963	1033	1229
1512	963	1033	1229	1525	964	1034	1228
1525	964	1034	1228	1538	965	1035	1227
1538	965	1035	1227	1551	966	1036	1226
1551	966	1036	1226	1564	967	1037	1225
1564	967	1037	1225	1577	968	1038	1224
1577	968	1038	1224	1590	969	1039	1223
1590	969	1039	1223	1603	970	1040	1222
1603	970	1040	1222	1616	971	1041	1221
1616	971	1041	1221	1629	972	1042	1220
1629	972	1042	1220	1642	973	1043	1219
1642	973	1043	1219	1655	974	1044	1218
1655	974	1044	1218	1668	975	1045	1217
1668	975	1045	1217	1681	976	1046	1216
1681	976	1046	1216	1694	977	1047	1215
							
 							
							
1694	977	1047	1215	1707	978	1048	1214
1707	978	1048	1214	1720	979	1049	1213
1720	979	1049	1213	1733	980	1050	1212
1733	980	1050	1212	1746	981	1051	1211
1746	981	1051	1211	1759	982	1052	1210
1759	982	1052	1210	1772	983	1053	1209
1772	983	1053	1209	1785	984	1054	1208
1785	984	1054	1208	1798	985	1055	1207
1798	985	1055	1207	1811	986	1056	1206
1811	986	1056	1206	1824	987	1057	1205
1824	987	1057	1205	1837	988	1058	1204
1837	988	1058	1204	1850	989	1059	1203
1850	989	1059	1203	1863	990	1060	1202
1863	990	1060	1202	1876	991	1061	1201
1876	991	1061	1201	1889	992	1062	1200
1889	992	1062	1200	1902	993	1063	1199
1902	993	1063	1199	1915	994	1064	1198
1915	994	1064	1198	1928	995	1065	1197
1928	995	1065	1197	1941	996	1066	1196
1941	996	1066	1196	1954	997	1067	1195
							
 							
							
1954	997	1067	1195	1967	998	1068	1194
1967	998	1068	1194	1980	999	1069	1193
1980	999	1069	1193	1993	1000	1070	1192
1993	1000	1070	1192	2006	1001	1071	1191
2006	1001	1071	1191	2019	1002	1072	1190
2019	1002	1072	1190	2032	1003	1073	1189
2032	1003	1073	1189	2045	1004	1074	1188
2045	1004	1074	1188	2058	1005	1075	1187
2058	1005	1075	1187	2071	1006	1076	1186
2071	1006	1076	1186	2084	1007	1077	1185
2084	1007	1077	1185	2097	1008	1078	1184
2097	1008	1078	1184	2110	1009	1079	1183
2110	1009	1079	1183	2123	1010	1080	1182
2123	1010	1080	1182	2136	1011	1081	1181
2136	1011	1081	1181	2149	1012	1082	1180
2149	1012	1082	1180	2162	1013	1083	1179
2162	1013	1083	1179	2175	1014	1084	1178
2175	1014	1084	1178	2188	1015	1085	1177
2188	1015	1085	1177	2201	1016	1086	1176
2201	1016	1086	1176	2214	1017	1087	1175
							
 							
							
2214	1017	1087	1175	2227	1018	1088	1174
2227	1018	1088	1174	2240	1019	1089	1173
2240	1019	1089	1173	2253	1020	1090	1172
2253	1020	1090	1172	2266	1021	1091	1171
2266	1021	1091	1171	2279	1022	1092	1170
2279	1022	1092	1170	2292	1023	1093	1169
2292	1023	1093	1169	2305	1024	1094	1168
2305	1024	1094	1168	2318	1025	1095	1167
2318	1025	1095	1167	2331	1026	1096	1166
2331	1026	1096	1166	5	957	1027	1235
24	43	42	41	1455	258	328	465
1455	258	328	465	1468	259	329	464
1468	259	329	464	1481	260	330	463
1481	260	330	463	1494	261	331	462
1494	261	331	462	1507	262	332	461
1507	262	332	461	1520	263	333	460
1520	263	333	460	1533	264	334	459
1533	264	334	459	1546	265	335	458
1546	265	335	458	1559	266	336	457
1559	266	336	457	1572	267	337	456
							
 							
							
1572	267	337	456	1585	268	338	455
1585	268	338	455	1598	269	339	454
1598	269	339	454	1611	270	340	453
1611	270	340	453	1624	271	341	452
1624	271	341	452	1637	272	342	451
1637	272	342	451	1650	273	343	450
1650	273	343	450	1663	274	344	449
1663	274	344	449	1676	275	345	448
1676	275	345	448	1689	276	346	447
1689	276	346	447	1702	277	347	446
1702	277	347	446	1715	278	348	445
1715	278	348	445	1728	279	349	444
1728	279	349	444	1741	280	350	443
1741	280	350	443	1754	281	351	442
1754	281	351	442	1767	282	352	441
1767	282	352	441	1780	283	353	440
1780	283	353	440	1793	284	354	439
1793	284	354	439	1806	285	355	438
1806	285	355	438	1819	286	356	437
1819	286	356	437	1832	287	357	436
							
 							
							
1832	287	357	436	1845	288	358	435
1845	288	358	435	1858	289	359	434
1858	289	359	434	1871	290	360	433
1871	290	360	433	1884	291	361	432
1884	291	361	432	1897	292	362	431
1897	292	362	431	1910	293	363	430
1910	293	363	430	1923	294	364	429
1923	294	364	429	1936	295	365	428
1936	295	365	428	1949	296	366	427
1949	296	366	427	1962	297	367	426
1962	297	367	426	1975	298	368	425
1975	298	368	425	1988	299	369	424
1988	299	369	424	2001	300	370	423
2001	300	370	423	2014	301	371	422
2014	301	371	422	2027	302	372	421
2027	302	372	421	2040	303	373	420
2040	303	373	420	2053	304	374	419
2053	304	374	419	2066	305	375	418
2066	305	375	418	2079	306	376	417
2079	306	376	417	2092	307	377	416
							
 							
							
2092	307	377	416	2105	308	378	415
2105	308	378	415	2118	309	379	414
2118	309	379	414	2131	310	380	413
2131	310	380	413	2144	311	381	412
2144	311	381	412	2157	312	382	411
2157	312	382	411	2170	313	383	410
2170	313	383	410	2183	314	384	409
2183	314	384	409	2196	315	385	408
2196	315	385	408	2209	316	386	407
2209	316	386	407	2222	317	387	406
2222	317	387	406	2235	318	388	405
2235	318	388	405	2248	319	389	404
2248	319	389	404	2261	320	390	403
2261	320	390	403	2274	321	391	402
2274	321	391	402	2287	322	392	401
2287	322	392	401	2300	323	393	400
2300	323	393	400	2313	324	394	399
2313	324	394	399	2326	325	395	398
2326	325	395	398	2339	326	396	397
2339	326	396	397	3	257	327	466
							
 							
							
28	46	45	21	1375	48	118	1448
1375	48	118	1448	1374	49	119	1461
1374	49	119	1461	1373	50	120	1474
1373	50	120	1474	1372	51	121	1487
1372	51	121	1487	1371	52	122	1500
1371	52	122	1500	1370	53	123	1513
1370	53	123	1513	1369	54	124	1526
1369	54	124	1526	1368	55	125	1539
1368	55	125	1539	1367	56	126	1552
1367	56	126	1552	1366	57	127	1565
1366	57	127	1565	1365	58	128	1578
1365	58	128	1578	1364	59	129	1591
1364	59	129	1591	1363	60	130	1604
1363	60	130	1604	1362	61	131	1617
1362	61	131	1617	1361	62	132	1630
1361	62	132	1630	1360	63	133	1643
1360	63	133	1643	1359	64	134	1656
1359	64	134	1656	1358	65	135	1669
1358	65	135	1669	1357	66	136	1682
1357	66	136	1682	1356	67	137	1695
							
 							
							
1356	67	137	1695	1355	68	138	1708
1355	68	138	1708	1354	69	139	1721
1354	69	139	1721	1353	70	140	1734
1353	70	140	1734	1352	71	141	1747
1352	71	141	1747	1351	72	142	1760
1351	72	142	1760	1350	73	143	1773
1350	73	143	1773	1349	74	144	1786
1349	74	144	1786	1348	75	145	1799
1348	75	145	1799	1347	76	146	1812
1347	76	146	1812	1346	77	147	1825
1346	77	147	1825	1345	78	148	1838
1345	78	148	1838	1344	79	149	1851
1344	79	149	1851	1343	80	150	1864
1343	80	150	1864	1342	81	151	1877
1342	81	151	1877	1341	82	152	1890
1341	82	152	1890	1340	83	153	1903
1340	83	153	1903	1339	84	154	1916
1339	84	154	1916	1338	85	155	1929
1338	85	155	1929	1337	86	156	1942
1337	86	156	1942	1336	87	157	1955
							
 							
							
1336	87	157	1955	1335	88	158	1968
1335	88	158	1968	1334	89	159	1981
1334	89	159	1981	1333	90	160	1994
1333	90	160	1994	1332	91	161	2007
1332	91	161	2007	1331	92	162	2020
1331	92	162	2020	1330	93	163	2033
1330	93	163	2033	1329	94	164	2046
1329	94	164	2046	1328	95	165	2059
1328	95	165	2059	1327	96	166	2072
1327	96	166	2072	1326	97	167	2085
1326	97	167	2085	1325	98	168	2098
1325	98	168	2098	1324	99	169	2111
1324	99	169	2111	1323	100	170	2124
1323	100	170	2124	1322	101	171	2137
1322	101	171	2137	1321	102	172	2150
1321	102	172	2150	1320	103	173	2163
1320	103	173	2163	1319	104	174	2176
1319	104	174	2176	1318	105	175	2189
1318	105	175	2189	1317	106	176	2202
1317	106	176	2202	1316	107	177	2215
							
 							
							
1316	107	177	2215	1315	108	178	2228
1315	108	178	2228	1314	109	179	2241
1314	109	179	2241	1313	110	180	2254
1313	110	180	2254	1312	111	181	2267
1312	111	181	2267	1311	112	182	2280
1311	112	182	2280	1310	113	183	2293
1310	113	183	2293	1309	114	184	2306
1309	114	184	2306	1308	115	185	2319
1308	115	185	2319	1307	116	186	2332
