ELIST=[							
							
							
 							
							
25	40	39	26	1522	823	893	1531
1522	823	893	1531	1537	824	894	1546
1537	824	894	1546	1552	825	895	1561
1552	825	895	1561	1567	826	896	1576
1567	826	896	1576	1582	827	897	1591
1582	827	897	1591	1597	828	898	1606
1597	828	898	1606	1612	829	899	1621
1612	829	899	1621	1627	830	900	1636
1627	830	900	1636	1642	831	901	1651
1642	831	901	1651	1657	832	902	1666
1657	832	902	1666	1672	833	903	1681
1672	833	903	1681	1687	834	904	1696
1687	834	904	1696	1702	835	905	1711
1702	835	905	1711	1717	836	906	1726
1717	836	906	1726	1732	837	907	1741
1732	837	907	1741	1747	838	908	1756
1747	838	908	1756	1762	839	909	1771
1762	839	909	1771	1777	840	910	1786
1777	840	910	1786	1792	841	911	1801
1792	841	911	1801	1807	842	912	1816
							
 							
							
1807	842	912	1816	1822	843	913	1831
1822	843	913	1831	1837	844	914	1846
1837	844	914	1846	1852	845	915	1861
1852	845	915	1861	1867	846	916	1876
1867	846	916	1876	1882	847	917	1891
1882	847	917	1891	1897	848	918	1906
1897	848	918	1906	1912	849	919	1921
1912	849	919	1921	1927	850	920	1936
1927	850	920	1936	1942	851	921	1951
1942	851	921	1951	1957	852	922	1966
1957	852	922	1966	1972	853	923	1981
1972	853	923	1981	1987	854	924	1996
1987	854	924	1996	2002	855	925	2011
2002	855	925	2011	2017	856	926	2026
2017	856	926	2026	2032	857	927	2041
2032	857	927	2041	2047	858	928	2056
2047	858	928	2056	2062	859	929	2071
2062	859	929	2071	2077	860	930	2086
2077	860	930	2086	2092	861	931	2101
2092	861	931	2101	2107	862	932	2116
							
 							
							
2107	862	932	2116	2122	863	933	2131
2122	863	933	2131	2137	864	934	2146
2137	864	934	2146	2152	865	935	2161
2152	865	935	2161	2167	866	936	2176
2167	866	936	2176	2182	867	937	2191
2182	867	937	2191	2197	868	938	2206
2197	868	938	2206	2212	869	939	2221
2212	869	939	2221	2227	870	940	2236
2227	870	940	2236	2242	871	941	2251
2242	871	941	2251	2257	872	942	2266
2257	872	942	2266	2272	873	943	2281
2272	873	943	2281	2287	874	944	2296
2287	874	944	2296	2302	875	945	2311
2302	875	945	2311	2317	876	946	2326
2317	876	946	2326	2332	877	947	2341
2332	877	947	2341	2347	878	948	2356
2347	878	948	2356	2362	879	949	2371
2362	879	949	2371	2377	880	950	2386
2377	880	950	2386	2392	881	951	2401
2392	881	951	2401	2407	882	952	2416
							
 							
							
2407	882	952	2416	2422	883	953	2431
2422	883	953	2431	2437	884	954	2446
2437	884	954	2446	2452	885	955	2461
2452	885	955	2461	2467	886	956	2476
2467	886	956	2476	2482	887	957	2491
2482	887	957	2491	2497	888	958	2506
2497	888	958	2506	2512	889	959	2521
2512	889	959	2521	2527	890	960	2536
2527	890	960	2536	2542	891	961	2551
2542	891	961	2551	6	822	892	5
43	41	40	25	680	753	823	1522
680	753	823	1522	679	754	824	1537
679	754	824	1537	678	755	825	1552
678	755	825	1552	677	756	826	1567
677	756	826	1567	676	757	827	1582
676	757	827	1582	675	758	828	1597
675	758	828	1597	674	759	829	1612
674	759	829	1612	673	760	830	1627
673	760	830	1627	672	761	831	1642
672	761	831	1642	671	762	832	1657
							
 							
							
671	762	832	1657	670	763	833	1672
670	763	833	1672	669	764	834	1687
669	764	834	1687	668	765	835	1702
668	765	835	1702	667	766	836	1717
667	766	836	1717	666	767	837	1732
666	767	837	1732	665	768	838	1747
665	768	838	1747	664	769	839	1762
664	769	839	1762	663	770	840	1777
663	770	840	1777	662	771	841	1792
662	771	841	1792	661	772	842	1807
661	772	842	1807	660	773	843	1822
660	773	843	1822	659	774	844	1837
659	774	844	1837	658	775	845	1852
658	775	845	1852	657	776	846	1867
657	776	846	1867	656	777	847	1882
656	777	847	1882	655	778	848	1897
655	778	848	1897	654	779	849	1912
654	779	849	1912	653	780	850	1927
653	780	850	1927	652	781	851	1942
652	781	851	1942	651	782	852	1957
							
 							
							
651	782	852	1957	650	783	853	1972
650	783	853	1972	649	784	854	1987
649	784	854	1987	648	785	855	2002
648	785	855	2002	647	786	856	2017
647	786	856	2017	646	787	857	2032
646	787	857	2032	645	788	858	2047
645	788	858	2047	644	789	859	2062
644	789	859	2062	643	790	860	2077
643	790	860	2077	642	791	861	2092
642	791	861	2092	641	792	862	2107
641	792	862	2107	640	793	863	2122
640	793	863	2122	639	794	864	2137
639	794	864	2137	638	795	865	2152
638	795	865	2152	637	796	866	2167
637	796	866	2167	636	797	867	2182
636	797	867	2182	635	798	868	2197
635	798	868	2197	634	799	869	2212
634	799	869	2212	633	800	870	2227
633	800	870	2227	632	801	871	2242
632	801	871	2242	631	802	872	2257
							
 							
							
631	802	872	2257	630	803	873	2272
630	803	873	2272	629	804	874	2287
629	804	874	2287	628	805	875	2302
628	805	875	2302	627	806	876	2317
627	806	876	2317	626	807	877	2332
626	807	877	2332	625	808	878	2347
625	808	878	2347	624	809	879	2362
624	809	879	2362	623	810	880	2377
623	810	880	2377	622	811	881	2392
622	811	881	2392	621	812	882	2407
621	812	882	2407	620	813	883	2422
620	813	883	2422	619	814	884	2437
619	814	884	2437	618	815	885	2452
618	815	885	2452	617	816	886	2467
617	816	886	2467	616	817	887	2482
616	817	887	2482	615	818	888	2497
615	818	888	2497	614	819	889	2512
614	819	889	2512	613	820	890	2527
613	820	890	2527	612	821	891	2542
612	821	891	2542	751	752	822	6
							
 							
							
27	26	39	38	1532	1531	893	1030
1532	1531	893	1030	1547	1546	894	1029
1547	1546	894	1029	1562	1561	895	1028
1562	1561	895	1028	1577	1576	896	1027
1577	1576	896	1027	1592	1591	897	1026
1592	1591	897	1026	1607	1606	898	1025
1607	1606	898	1025	1622	1621	899	1024
1622	1621	899	1024	1637	1636	900	1023
1637	1636	900	1023	1652	1651	901	1022
1652	1651	901	1022	1667	1666	902	1021
1667	1666	902	1021	1682	1681	903	1020
1682	1681	903	1020	1697	1696	904	1019
1697	1696	904	1019	1712	1711	905	1018
1712	1711	905	1018	1727	1726	906	1017
1727	1726	906	1017	1742	1741	907	1016
1742	1741	907	1016	1757	1756	908	1015
1757	1756	908	1015	1772	1771	909	1014
1772	1771	909	1014	1787	1786	910	1013
1787	1786	910	1013	1802	1801	911	1012
1802	1801	911	1012	1817	1816	912	1011
							
 							
							
1817	1816	912	1011	1832	1831	913	1010
1832	1831	913	1010	1847	1846	914	1009
1847	1846	914	1009	1862	1861	915	1008
1862	1861	915	1008	1877	1876	916	1007
1877	1876	916	1007	1892	1891	917	1006
1892	1891	917	1006	1907	1906	918	1005
1907	1906	918	1005	1922	1921	919	1004
1922	1921	919	1004	1937	1936	920	1003
1937	1936	920	1003	1952	1951	921	1002
1952	1951	921	1002	1967	1966	922	1001
1967	1966	922	1001	1982	1981	923	1000
1982	1981	923	1000	1997	1996	924	999
1997	1996	924	999	2012	2011	925	998
2012	2011	925	998	2027	2026	926	997
2027	2026	926	997	2042	2041	927	996
2042	2041	927	996	2057	2056	928	995
2057	2056	928	995	2072	2071	929	994
2072	2071	929	994	2087	2086	930	993
2087	2086	930	993	2102	2101	931	992
2102	2101	931	992	2117	2116	932	991
							
 							
							
2117	2116	932	991	2132	2131	933	990
2132	2131	933	990	2147	2146	934	989
2147	2146	934	989	2162	2161	935	988
2162	2161	935	988	2177	2176	936	987
2177	2176	936	987	2192	2191	937	986
2192	2191	937	986	2207	2206	938	985
2207	2206	938	985	2222	2221	939	984
2222	2221	939	984	2237	2236	940	983
2237	2236	940	983	2252	2251	941	982
2252	2251	941	982	2267	2266	942	981
2267	2266	942	981	2282	2281	943	980
2282	2281	943	980	2297	2296	944	979
2297	2296	944	979	2312	2311	945	978
2312	2311	945	978	2327	2326	946	977
2327	2326	946	977	2342	2341	947	976
2342	2341	947	976	2357	2356	948	975
2357	2356	948	975	2372	2371	949	974
2372	2371	949	974	2387	2386	950	973
2387	2386	950	973	2402	2401	951	972
2402	2401	951	972	2417	2416	952	971
							
 							
							
2417	2416	952	971	2432	2431	953	970
2432	2431	953	970	2447	2446	954	969
2447	2446	954	969	2462	2461	955	968
2462	2461	955	968	2477	2476	956	967
2477	2476	956	967	2492	2491	957	966
2492	2491	957	966	2507	2506	958	965
2507	2506	958	965	2522	2521	959	964
2522	2521	959	964	2537	2536	960	963
2537	2536	960	963	2552	2551	961	962
2552	2551	961	962	4	5	892	1031
